33.020511523400074
34.19848403274849
34.701307559397854
25.425475038960663
24.812236193600945
32.39265540602362
33.090187967005654
18.644515804557894
29.041539155841072
30.185766916500157
61.35847957204098
27.200911733646368
33.86594649299083
24.474539874581946
22.010419840372233
27.79887519417956
27.981000470984714
20.569861498223144
32.19822921044447
18.783440148382336
24.8539346729123
22.57893399709161
20.52403663532752
18.378493234964772
18.525425752574886
25.159364141867258
163.01251511441177
32.279162338641854
18.819292157688782
19.08620330999464
19.29761108665397
21.51986120187286
18.771768845042473
23.35075678177274
28.129564810857946
25.281328390748644
20.694562050621727
25.59791333582793
28.205160444647014
18.404206011549093
16.674162659364246
52.42994988073298
16.496310280593306
20.850227870082396
44.86433163843473
18.438289836141017
24.37889568081955
18.036316088899987
20.252484900165605
23.14609905599753
23.998407359847466
21.90955960456409
21.531776110883293
19.03851233373744
19.59285661974592
19.068946542630204
17.64199779316538
18.649837396954837
19.22674529961078
19.651954218349157
18.075077806350116
21.312436963142083
17.88103935262264
20.35810398600271
18.86646368513456
21.032231736102116
20.62731819129829
19.355675887993154
20.077605904226218
17.825349401899675
18.12400873237721
23.083202097469957
18.38540385849615
19.2042143133399
20.79972137832354
17.681880543771435
19.55512122947613
17.985820748090156
21.49524353611864
17.00206696989348
16.79796003774229
17.55556572764903
17.585473295477865
20.603307497748286
17.88289942505512
18.027531909318075
18.465598026971485
19.484745076448885
19.577501100184627
18.559970573982547
18.288713056186655
22.1944105688195
18.96314663691491
19.138008812554823
17.892578826310725
19.836638347470807
18.61053498463297
17.90696469583614
16.522645149380725
18.32980605747466
20.985891792779565
19.06757412648466
19.926175499487016
19.219348685344276
18.339284744907523
17.90208977756636
18.426483720505107
17.433715922582643
19.088423483553004
18.43546186238193
19.41488060286336
18.86084380529194
19.144858202117543
17.710067923490495
18.31567442117366
16.985220486464595
19.087445191714597
17.27885764551649
18.299678303006267
18.639676180556524
18.727049076547537
18.689010588870943
17.709982369237988
17.212583166181936
19.204445744360015
18.70057330294681
17.619612773997343
18.645213178723626
18.72319017532928
18.67599156669084
18.445679646786036
17.886798540292055
17.99593820359321
18.854122035502396
18.033558237724886
16.53301284937667
18.779470786536063
18.67599156669084
16.958150425608185
18.89977409318716
18.363374583198546
18.451222294846943
17.111847427066778
17.70857863280481
18.080489741720562
18.452499924190562
18.014570965500557
18.602304641397833
19.06116516211502
18.793415081044113
16.50630974925814
16.49737263778023
18.079677332208046
17.08787440235679
17.437495097920998
16.496310280593306
16.55703992072341
16.959904226836283
16.930879848991346
18.41149645967814
18.32980605747466
18.67599156669084
16.53301284937667
18.37858793046954
17.908217717750297
16.946571323103637
17.242831328537836
17.11221033798734
18.85125328956366
18.85853407578196
18.463780110385198
18.076310048114724
17.60377901429489
18.71870885661729
16.562413377134792
17.049821074960338
17.86865335342608
18.28995338508998
17.230561510357752
18.64096434987677
16.959904226836283
18.309352019103372
17.225852741733426
16.56589358885134
17.795080191600867
16.958150425608185
17.707048626409122
16.953331357697554
18.623377317160827
16.580918869019154
18.451222294846943
18.321086126609014
16.58486909572375
17.111847427066778
17.918585224075375
18.85836615192776
18.075725018834596
17.897651638194738
17.243032490357947
17.709763871006913
18.851355362403115
16.946571323103637
16.946571323103637
16.97763445943775
18.445679646786036
18.85853407578196
17.886798540292055
18.411377192097156
17.81322854933713
16.969885979391353
17.710067923490495
16.562413377134792
18.373027074772917
17.235910777432878
17.918585224075375
18.768810876043904
17.235910777432878
17.064706867361487
16.969885979391353
18.304239462937673
17.709482001013473
16.50367285406332
17.852965828831994
18.67599156669084
16.54751507682692
17.064706867361487
17.424405270015868
16.55703992072341
16.49737263778023
17.225852741733426
17.406479503555612
18.85853407578196
18.396883620405145
16.959904226836283
18.445679646786036
17.710995796437384
16.50367285406332
16.54060093688398
18.411377192097156
16.959904226836283
16.49737263778023
17.417605736891765
17.84571933558324
18.440834654441225
17.84571933558324
17.242831328537836
16.50367285406332
18.619198276918677
16.97763445943775
17.709982369237988
16.569282012102548
16.969885979391353
16.50367285406332
17.800419600910057
16.55703992072341
16.556298617493752
16.966203675485
17.437495097920998
16.54751507682692
16.50630974925814
17.710995796437384
16.54060093688398
17.81239043288823
17.10215005731469
16.53508292493997
16.50630974925814
18.080489741720562
18.452499924190562
17.710995796437384
17.437495097920998
18.460965993607402
17.230561510357752
16.50367285406332
16.499554273914452
18.623377317160827
16.96879731950073
18.080489741720562
16.958150425608185
16.556298617493752
16.95404441140164
16.522645149380725
17.069359610221266
16.532444646048706
17.10215005731469
18.312449470596114
17.392772473231386
16.96879731950073
16.966203675485
16.556298617493752
18.451392588207515
16.532444646048706
16.496310280593306
16.54060093688398
18.072811755889127
16.95404441140164
17.709482001013473
16.49737263778023
16.966203675485
16.49737263778023
16.50367285406332
16.50630974925814
16.55703992072341
17.225852741733426
17.709982369237988
16.55703992072341
18.451392588207515
18.676232511006006
16.499554273914452
16.56589358885134
17.392772473231386
17.240640601952794
16.56589358885134
17.807119267729007
18.67599156669084
16.953331357697554
16.556298617493752
16.953331357697554
16.538315658770006
18.639676180556524
18.639676180556524
16.54751507682692
16.959904226836283
16.522645149380725
16.496310280593306
18.080489741720562
16.54060093688398
16.55703992072341
16.538315658770006
16.959904226836283
16.959904226836283
18.452499924190562
16.522645149380725
16.50630974925814
16.54751507682692
16.56589358885134
16.56589358885134
16.54751507682692
16.49737263778023
16.958150425608185
17.81239043288823
17.392772473231386
18.445679646786036
16.54060093688398
16.538315658770006
16.499554273914452
16.49737263778023
16.96879731950073
16.958150425608185
16.55703992072341
16.55703992072341
16.49737263778023
16.499554273914452
16.50630974925814
16.54751507682692
16.496310280593306
16.953331357697554
16.55703992072341
16.496310280593306
16.496310280593306
16.556298617493752
17.424405270015868
16.958150425608185
17.393696583344386
16.499554273914452
16.499554273914452
18.075725018834596
17.39157657955616
18.076310048114724
17.807119267729007
18.445679646786036
16.54751507682692
16.953331357697554
16.55703992072341
16.556298617493752
16.556298617493752
16.54751507682692
16.56589358885134
16.54060093688398
17.709982369237988
16.959904226836283
16.496310280593306
16.953331357697554
16.556298617493752
17.822084698819133
16.958150425608185
16.959904226836283
16.556298617493752
16.54060093688398
16.556298617493752
17.406479503555612
16.496310280593306
16.55703992072341
16.499554273914452
16.496310280593306
16.496310280593306
16.966203675485
16.556298617493752
16.496310280593306
16.966203675485
16.958150425608185
16.54751507682692
16.54751507682692
16.496310280593306
16.556298617493752
16.54751507682692
16.953331357697554
16.496310280593306
16.50630974925814
16.496310280593306
16.966203675485
16.55703992072341
16.556298617493752
16.50630974925814
16.499554273914452
17.393696583344386
16.958150425608185
16.54060093688398
16.55703992072341
16.50630974925814
16.96879731950073
16.496310280593306
16.496310280593306
17.709982369237988
16.959904226836283
16.958150425608185
16.556298617493752
16.54751507682692
16.953331357697554
18.075725018834596
16.958150425608185
16.959904226836283
16.49737263778023
16.953331357697554
16.54060093688398
16.958150425608185
16.522645149380725
16.49737263778023
16.556298617493752
16.496310280593306
18.0768995026869
16.49737263778023
16.54060093688398
16.49737263778023
16.55703992072341
16.496310280593306
16.49737263778023
16.496310280593306
16.56589358885134
16.953331357697554
16.54751507682692
16.54060093688398
18.44410445902463
16.50630974925814
16.556298617493752
16.959904226836283
16.958150425608185
16.54060093688398
16.54060093688398
16.556298617493752
17.81239043288823
16.958150425608185
16.54060093688398
16.56589358885134
16.54751507682692
16.496310280593306
16.49737263778023
16.499554273914452
16.55703992072341
16.496310280593306
16.499554273914452
16.96879731950073
16.56589358885134
16.54751507682692
16.54060093688398
16.496310280593306
16.522645149380725
16.499554273914452
16.496310280593306
16.55703992072341
16.54751507682692
16.496310280593306
16.49737263778023
16.499554273914452
16.958150425608185
16.54751507682692
16.966203675485
16.56589358885134
16.556298617493752
16.522645149380725
16.958150425608185
16.50630974925814
16.958150425608185
16.54751507682692
16.959904226836283
16.958150425608185
16.96879731950073
16.50630974925814
16.49737263778023
16.499554273914452
16.56589358885134
38.91445575553454
32.72347848638233
44.239558520638134
33.38272725249643
32.449304195783384
26.104329954493224
33.04758903211078
31.35123510524469
23.52764104308909
32.66117210592854
20.276518525243574
25.739771696779727
23.969655595961328
23.32634389412005
26.598511017013863
25.33118892833052
26.9834563643028
29.374353617596473
25.064111831580696
18.113097445040438
27.41315541967802
27.769661048386123
30.627937264960483
23.982901724995127
18.39314059604301
22.907183783446722
20.733547164728787
21.538488238665675
24.276929149863474
43.31897749056126
25.49989625135595
19.514012809976926
19.504644744458922
21.801715851921536
22.346206626555123
22.713507765583316
21.720725605716147
18.221419777015832
19.591804743613075
20.611965751664673
21.195470157759626
17.758079839464035
45.447587615863455
18.539524238718652
19.09095857780948
20.370131992156086
35.76642912252235
163.01251511441177
20.95709675910073
20.19081567112462
44.06553029837032
18.465798507000848
32.657951883949266
20.813779479976684
17.50381127530734
62.926517097388036
32.735460806900626
19.619470963434537
21.927859998313153
20.750921891979242
18.25702511319441
20.745986454243084
24.613300529392575
17.915824659547543
26.663289317187182
19.301006687663946
16.565453796940893
19.1135491343916
17.95566925029904
17.43577242474671
17.25929579617901
18.78892414718672
17.886288135536034
17.921195829420657
17.896983115877866
16.849269158200592
17.88999543485004
44.30634653922083
17.77672817964326
17.801016266946405
23.328514521755995
20.829876376892333
18.089411888145243
19.764478739915404
17.79438457482667
18.135344984697852
23.941247369160834
16.564892303352117
17.497609723248814
20.00496794785179
19.62934854266128
22.6682039575062
23.357142546652316
16.96446877298526
17.525557879511357
19.87706824483369
19.87695541660555
16.564892303352117
20.102466898423614
18.26004163673503
20.31858430881091
20.149138968293798
18.955638960943563
17.517497233343523
17.148821996686195
17.190988371427625
16.870026425445637
23.12058946446767
17.561989710433252
18.086542012314368
17.590884868057117
17.53665542000481
17.393107901067378
17.61236617960769
17.79576872256993
17.790965122979596
17.334413950227667
17.13015401335759
17.801476620990755
17.140621174652356
17.59493946615346
16.925073744268307
16.56125075784077
17.61841735515438
17.272484204314484
17.19366609549619
17.304830002448547
18.094368954800608
18.23783338316787
17.598814042508174
17.80567554766475
17.151057228942065
20.317947157744538
17.52248757984322
16.494881190562012
17.24834412603418
18.143795507612644
17.844964905568947
23.166425773303956
16.84303471356148
18.23542043387972
17.802742366819707
18.23402298960688
19.45602942912009
16.960488268108072
17.801016266946405
17.886938464125432
17.54112270231113
17.921883137434467
17.604811625440473
16.564153174777534
17.737958768513394
17.325645996275558
17.17399446824489
16.566110530463504
18.088765711570616
18.1342851411074
17.643515845688025
17.60166506984069
17.80467954390578
17.246768738169916
18.392518508641007
18.237772168601108
18.234217183568322
17.59574704258649
16.9672124442955
16.498408689991045
18.237443134370928
17.88652920692734
17.921883137434467
16.565453796940893
17.82989413386363
16.494881190562012
18.23461768677632
16.564719760261905
16.964749360525555
18.235454129766683
18.085332473773242
17.639382293554927
17.93787880038378
17.802020874938396
18.385372713019006
18.391900691752358
17.598835721426774
18.08536356201866
17.31318698181978
16.495322657802195
17.30027499131335
17.795107038688705
18.315198114179154
18.084682483402457
17.792053976034776
16.566107772290604
17.30589500787941
17.156985875089457
16.567613972661473
18.30845930874995
16.49259239017331
17.146266693726297
17.30589500787941
16.56153018137065
17.146266693726297
17.623549830511173
17.801016266946405
18.309494090088425
17.799768165468656
17.1360242950018
18.38499076780018
17.61236617960769
18.37818511601711
17.88652920692734
18.13274579761653
18.309494090088425
18.12706617384255
17.902757407059376
17.590884868057117
18.3137251109993
18.313528321740144
18.309417343764977
16.967911790322507
16.489359168090164
17.902757407059376
17.151057228942065
17.968370034689197
18.304528885799428
18.309171183964583
18.13093390330505
17.583930543835795
16.808869732996577
18.084682483402457
18.30622501329158
17.31318698181978
16.566107772290604
16.566628353258604
16.4863488426392
16.489359168090164
17.58099990864375
16.4863488426392
17.789598025060396
17.31318698181978
17.30027499131335
17.887059798257276
17.59574704258649
16.565668338219485
17.58099990864375
16.816135868806402
18.08481175412434
18.382379134101633
17.295115604485005
18.231619578813326
17.61236617960769
16.81433546991127
18.128559364343467
16.566628353258604
17.790965122979596
17.148533784808368
18.133138443021984
17.604811625440473
17.61236617960769
17.892725088439263
16.566107772290604
16.565668338219485
18.30622501329158
18.379747271700136
17.148533784808368
16.566107772290604
17.892202362234837
16.813612148880214
18.305967484222393
18.37865614567364
16.567613972661473
18.085869560677406
16.559878226573154
16.56148002189215
16.4863488426392
17.30027499131335
16.567613972661473
16.566628353258604
16.48972720327595
17.2950668593227
16.566107772290604
17.78923081671141
16.56148002189215
17.132206049172712
18.38112981085424
17.302675879730806
16.48570118452016
18.085682163223485
17.30027499131335
18.30622501329158
16.559878226573154
18.234444604283947
17.2950668593227
17.58099990864375
17.295115604485005
17.29644451883336
16.489359168090164
16.559878226573154
16.486767176888073
17.794480110764386
18.085332473773242
16.812075289853983
16.489359168090164
16.48972720327595
17.1360242950018
16.56131491490125
18.13517076571411
17.295115604485005
17.792053976034776
16.56131491490125
17.132206049172712
17.295115604485005
16.486767176888073
17.29644451883336
17.295115604485005
18.08536356201866
16.56148002189215
16.56503467806155
16.798664233175316
17.148533784808368
16.49259239017331
18.30867082758928
16.567613972661473
17.295115604485005
18.085682163223485
16.816135868806402
16.486767176888073
16.49259239017331
18.133138443021984
16.4863488426392
18.30845930874995
16.4863488426392
16.567613972661473
16.81544140706921
17.29644451883336
18.30845930874995
17.302675879730806
18.085332473773242
16.49259239017331
16.489359168090164
17.302675879730806
17.2950668593227
17.300562270220833
16.48972720327595
16.49259239017331
16.486767176888073
17.29644451883336
17.30027499131335
16.566107772290604
17.302675879730806
16.566107772290604
16.56503467806155
18.30867082758928
16.566107772290604
16.56503467806155
16.4863488426392
16.566107772290604
16.486767176888073
16.49259239017331
16.566107772290604
16.48972720327595
17.30027499131335
18.14025274004377
17.2950668593227
17.300562270220833
16.489359168090164
16.489359168090164
17.78923081671141
18.085682163223485
16.559878226573154
16.48972720327595
17.302675879730806
17.2950668593227
18.30622501329158
16.56503467806155
18.1342851411074
16.56131491490125
16.567613972661473
16.56148002189215
16.489359168090164
17.302675879730806
16.56131491490125
16.567613972661473
16.81544140706921
17.30027499131335
17.2950668593227
17.148533784808368
16.567613972661473
16.48972720327595
16.489359168090164
18.085682163223485
17.2950668593227
17.295115604485005
16.49259239017331
16.489359168090164
16.49259239017331
17.295115604485005
16.489359168090164
16.489359168090164
18.13517076571411
16.56148002189215
16.486767176888073
16.566107772290604
16.56503467806155
16.48972720327595
16.4863488426392
16.48570118452016
16.566107772290604
16.812075289853983
16.56503467806155
17.295115604485005
17.2950668593227
16.56131491490125
17.295115604485005
16.56148002189215
17.295115604485005
17.295115604485005
16.559878226573154
16.4863488426392
16.559878226573154
16.56503467806155
16.489359168090164
17.29644451883336
16.489359168090164
17.2950668593227
18.30867082758928
16.4863488426392
16.56503467806155
16.816135868806402
16.489359168090164
16.808869732996577
18.13517076571411
17.295115604485005
16.48972720327595
16.489359168090164
17.29644451883336
17.300562270220833
17.295115604485005
16.56148002189215
18.305967484222393
16.489359168090164
16.4863488426392
17.300562270220833
16.486767176888073
16.486767176888073
16.489359168090164
17.2950668593227
16.48570118452016
17.1360242950018
16.56503467806155
16.56131491490125
16.56148002189215
16.489359168090164
16.48570118452016
17.29644451883336
16.559878226573154
16.559878226573154
16.4863488426392
16.48972720327595
16.4863488426392
16.48570118452016
16.486767176888073
16.4863488426392
17.2950668593227
16.486767176888073
16.48972720327595
16.559878226573154
17.2950668593227
16.566107772290604
16.489359168090164
16.489359168090164
17.295115604485005
16.486767176888073
16.48972720327595
17.29644451883336
16.56131491490125
16.559878226573154
17.30027499131335
16.48972720327595
16.4863488426392
16.48570118452016
17.2950668593227
17.30027499131335
16.486767176888073
16.56148002189215
17.30027499131335
16.566107772290604
16.48972720327595
16.4863488426392
16.489359168090164
17.30027499131335
16.489359168090164
16.56148002189215
17.2950668593227
16.559878226573154
16.48570118452016
16.559878226573154
17.29644451883336
17.300562270220833
16.56148002189215
